cflange_2.wav,,100,44100,8,0,82532,
cflange_3.wav,,100,44100,8,0,20452,
cflange_4.wav,,100,44100,8,0,23352,
cflange_5.wav,,100,44100,8,0,12910,
cflange_6.wav,,100,44100,8,0,23497,
cflange_7.wav,,100,44100,8,0,13344,
cflange_8.wav,,100,44100,8,0,23353,
cflange_9.wav,,100,44100,8,0,38583,
cflange_10.wav,,100,44100,8,0,13054,
cflange_11.wav,,100,44100,8,0,20887,
cflange_12.wav,,100,44100,8,0,56674,
E233_Byurume.wav,,100,44100,8,0,174739,
E233_CP_in.wav,,50,44100,8,0,290234,
E233_CP_loop.wav,,50,44100,8,0,154438,
E233_CP_out.wav,,50,44100,8,0,755542,
E259SIV_end.wav,,100,44100,8,0,36402,
E259SIV_loop.wav,,100,44100,8,0,54327,
E259SIV_start.wav,,100,44100,8,0,24925,
227_panta_age.wav,,100,44100,8,0,212616,
227_panta_sage.wav,,100,44100,8,0,53852,
ATSalm.wav,,100,44100,8,0,22422,
ATSchk.wav,,100,44100,8,0,21210,
cflange_1.wav,,100,44100,8,0,49896,
Vol3.wav,,100,11025,8,0,17182,
Vol4.wav,,100,11025,8,0,19446,
Vol5.wav,,100,11025,8,0,13094,
Vol0.wav,,100,11025,8,0,12044,
Vol1.wav,,100,11025,8,0,17458,
Vol2.wav,,100,11025,8,0,18618,
rjoint_C76_LOOP.wav,,100,44100,16,0,148072,
rjoint_C76_X1.wav,,100,44100,16,0,74146,
rjoint_C76_END.wav,,100,44100,16,0,73966,
rjoint_C76_IN.wav,,100,44100,16,0,79452,
atc.wav,,100,44100,16,0,71896,
373_ドア開.wav,,100,44100,16,0,195482,
373_ドア閉.wav,,100,44100,16,0,322782,
373_ブレーキ緩解2.wav,,100,44100,16,0,243000,
313スキール音.wav,,100,44100,16,0,531376,
313_kasoku.wav,,100,32000,16,0,5513162,
313_gensoku.wav,,100,32000,16,0,4970120,
A_loop_2.wav,,100,44100,16,0,111540,
JRC373_手笛_2.wav,,100,44100,16,0,118722,
DE11AW_out.wav,,100,44100,16,0,54654,
DE11AW_in.wav,,100,44100,16,0,16388,
DE11AW_loop.wav,,100,44100,16,0,53360,
HB-1500OUTドレン排出.wav,,100,44100,16,0,428544,
HB1500IN.wav,,100,44100,16,0,1411072,
HB-1500LOOP.wav,,100,44100,16,0,161756,
JRC_上り列車アナウンス2.wav,,100,48000,16,0,1636584,
JRC_下り列車アナウンス2.wav,,100,48000,16,0,1279856,
buzzer_end.wav,,100,44100,16,0,72298,
buzzer_loop.wav,,100,44100,16,0,13030,
buzzer_start.wav,,100,44100,16,0,31196,
JRC373_緩め音_r1.wav,,100,44100,16,0,192898,
373_ドアを閉めます.wav,,100,44100,16,0,304962,
383GTO_減速.wav,,100,32000,16,0,1429850,
383GTO_加速.wav,,100,32000,16,0,2416648,
373_ブレーキスキール.wav,,100,44100,16,0,738776,
E233_Bkankai.wav,,100,44100,8,0,137385,
E233_dakou60km.wav,,100,44100,8,0,117663,
E233_dclose.wav,,100,44100,8,0,140770,
E233_doorbtn.wav,,100,44100,8,0,315615,
E233_dopen.wav,,100,44100,8,0,141331,
E233_gensoku.wav,,100,44100,8,0,1030818,
E233_kasoku.wav,,100,44100,8,0,2338218,
E233_sokusin.wav,,100,44100,8,0,182493,
E233_stop.wav,,100,44100,8,0,116416,
E233_typ_in.wav,,100,44100,8,0,9485,
E233_typ_loop.wav,,100,44100,8,0,6625,
E233_typ_out.wav,,100,44100,8,0,58867,
E231_駅緊急停止ブザー_Loop.wav,,100,44100,16,0,82830,
E231_駅緊急停止ブザー_後.wav,,100,44100,16,0,63254,
E231_駅緊急停止ブザー_前.wav,,100,44100,16,0,12636,
metro17000_合図ブザー2.wav,,100,44100,16,0,47050,
E233_エア抜き.wav,,100,44100,16,0,683520,
E235_SiCVVVF_加速.wav,,100,32000,16,0,2370296,
E235_SiCVVVF_減速.wav,,100,32000,16,0,1398154,
E235_go1.wav,,100,48000,16,0,239366,
E235_HomeMelo_end.wav,,100,44100,16,0,53086,
E235_HomeMelo_loop.wav,,100,44100,16,0,86646,
E235_HomeMelo_start.wav,,100,44100,16,0,97780,
A6loop.wav,,100,44100,16,0,70090,
E233_ドア開_リニア_横浜線.wav,,125,32000,16,0,191326,
E233_ドア閉_リニア_横浜線.wav,,125,32000,16,0,221898,
E235_発車時ブレーキ緩め音.wav,,100,44100,16,0,311680,
E259_Bスキール2_短.wav,,100,44100,16,0,269278,
手笛_d.wav,,100,44100,16,0,104704,
Odakyu5000_ATSブザー2.wav,,100,44100,16,0,323108,
Odakyu5000_ドア閉3.wav,,100,44100,16,0,300246,
Odakyu5000_ドア開3.wav,,100,44100,16,0,245848,
Odakyu5000_ドア開時チャイム.wav,,100,44100,16,0,108144,
Odakyu5000_ブレーキユルメ2.wav,,100,44100,16,0,260102,
小田急_乗り降り促進3.wav,,100,44100,16,0,308224,
Odakyu5000_60kmh.wav,,100,96000,16,0,461564,
EF210_Buzzer3.wav,,100,44100,16,0,53054,
非常吐出弁.wav,,100,44100,16,0,101632,
E233_Bユルメ.wav,,100,44100,8,0,83968,
MH3130-C1600F_in.wav,,100,32000,16,0,337342,
MH3130-C1600F_loop.wav,,100,32000,16,0,601926,
MH3130-C1600F_out.wav,,100,32000,16,0,339982,
E235_B緩解2.wav,,100,32000,16,0,241702,
E235_Bユルメ.wav,,100,48000,16,0,66604,
